-0.962696909904
-6.88217163086
-9.80865097046
-4.02060651779
-16.5398082733
-5.59762382507
-9.4218378067
-3.97859716415
-7.95007133484
-12.7332754135
-11.609418869
-3.87773513794
-15.4542455673
-0.588964939117
-7.85182666779
6.53574562073
-5.06805610657
-0.555045008659
-9.50696182251
-2.64956974983
-11.8322343826
-12.6867799759
-12.0293502808
-4.17659187317
-15.0946083069
-12.4962558746
-10.8989725113
-3.37019395828
-11.8836278915
-12.2522745132
-7.75013208389
-15.8359527588
-12.8239841461
-1.57986688614
-8.78437995911
-4.42872285843
-7.9695110321
-15.3625593185
-11.6858310699
-9.20705032349
-4.43826341629
-12.1863269806
-11.2174825668
-10.3432102203
-1.01797199249
3.11912107468
-9.99221229553
-3.61671900749
-1.28589260578
-12.8050546646
-5.60735082626
-9.96734905243
-0.485958844423
-1.96763253212
-10.0808162689
-8.18675708771
-3.92564582825
-9.2642364502
-18.2094593048
-0.0293719787151
