-3.50064611435
-10.5643892288
-5.27737569809
-18.7350025177
-10.119011879
-7.20872735977
-8.85245990753
-4.90487527847
-15.6980028152
-12.2134542465
-2.61956429482
-9.50400161743
-6.248691082
-5.09257364273
-18.1581993103
-17.807800293
-8.13925743103
-9.08926105499
-10.2134189606
-10.6119527817
-8.20311737061
-11.9938116074
-8.57533359528
-7.31073904037
-11.7024440765
-8.48069667816
-8.33239459991
-11.4656858444
-8.07514286041
1.5793800354
-14.4582099915
-15.054479599
0.877283990383
-3.36516833305
-1.37498700619
-18.8959064484
-11.6126089096
-6.27520227432
-7.88709306717
-12.3506536484
0.965779423714
-6.13350582123
0.833086371422
-9.67203712463
-11.3208265305
-2.16057467461
-16.3087234497
1.1642999649
-4.48197746277
-12.3436012268
-4.34172105789
-5.7785654068
-14.0684871674
-1.37963783741
4.31603384018
-7.07224941254
-4.5689034462
-4.56196022034
-12.1282930374
-3.78517007828
