-1.02978217602
-1.42537868023
-4.00213384628
-10.0136575699
-7.05567789078
-17.3940792084
-4.87869119644
-13.4231510162
-8.44344711304
-11.0166759491
0.680174469948
-5.14976930618
0.315501481295
-6.51081514359
-9.33521842957
-4.37369966507
-7.20164632797
-7.45648765564
2.08241844177
-1.21899354458
-10.3439741135
-8.151014328
-16.4278640747
-0.235115021467
-5.26665830612
2.0940053463
-15.5211000443
-4.3223323822
-3.67956209183
-8.27861213684
-4.60219669342
-6.29731035233
-9.37052822113
-4.44732570648
-6.72963953018
-11.1065998077
0.147411257029
-11.6899652481
-9.64666461945
-13.4147863388
-3.30885076523
-3.65344882011
-4.46413707733
1.94797837734
-4.84300136566
-2.11709904671
-6.24366855621
-6.11856031418
-6.96650505066
0.742934763432
-9.25796508789
-13.5680522919
-3.26593279839
-0.948421597481
-4.27309465408
-1.88034558296
-4.67714738846
-9.22979831696
-7.37680339813
-12.0878639221
