-1.37361824512
-17.6542835236
-9.18047523499
-3.19845533371
-5.80039978027
-9.4752035141
-8.01693534851
-5.37791490555
-7.72995328903
-10.0461273193
-3.11903166771
-2.68913698196
-4.30675411224
-7.22373247147
-3.48822569847
-6.83983945847
-2.19292879105
-5.79681968689
-2.64445304871
-5.6520190239
-17.356967926
-7.34831905365
-0.183339387178
-0.827319443226
-5.97135162354
-9.70031452179
-7.34941101074
-4.41244125366
-10.1658287048
-6.24965715408
-4.69799184799
-10.76948452
-7.557700634
3.12248396873
-7.62170362473
-0.57420861721
-1.13116312027
-13.4543323517
-6.57895183563
-3.22439432144
-13.8119926453
-11.6260700226
-5.90346860886
-8.47188663483
-1.10202121735
-7.82431697845
-12.0082960129
-1.25957477093
-7.4891409874
-3.24936914444
-2.68554735184
-5.78211927414
-9.85396194458
-3.72927808762
-2.19181466103
-3.80698800087
-10.295422554
-12.2100372314
-0.683466136456
-7.7506313324
