-5.81893920898
-12.7392864227
-4.08698320389
-9.82710838318
-1.55818068981
-5.14646720886
-4.04127216339
-5.76990509033
-7.33683681488
1.29232192039
-13.3808803558
-5.92118024826
-3.7118704319
-8.71493148804
-16.1005859375
-7.02752494812
-8.12882709503
-6.51332235336
-8.18725776672
-10.349978447
-4.91754007339
-3.20281505585
-12.6378803253
-1.79205060005
-10.3143930435
-7.616106987
-5.35963630676
-5.77306318283
-7.91327857971
-8.96019649506
-4.38685894012
-4.24170303345
-14.4591817856
-9.58992385864
-10.444319725
-3.48896384239
-6.34177541733
-8.68706989288
-1.27373385429
-9.90648078918
-9.23615264893
-9.24093914032
-9.48505973816
-8.82052326202
-12.6089410782
-13.9210882187
-9.64457702637
-8.99203109741
-12.3628959656
-9.87424945831
-8.72153663635
-9.76186466217
-12.4120893478
-5.44702768326
-2.55086660385
-3.64629817009
-8.95349407196
-9.06934356689
1.81785154343
-3.58627533913
