-12.8125610352
-9.78246879578
-4.21818161011
-12.1009225845
-1.85816836357
-2.01554012299
-5.50674962997
-1.5612347126
-3.82263231277
-9.09074497223
4.31803417206
-4.21481323242
-3.75362849236
-2.16590929031
-3.67645764351
-10.4785547256
-8.95439910889
-9.09426212311
-10.1748714447
-5.20856380463
-6.67672109604
2.18805503845
-6.2015171051
-8.46598529816
-11.2826337814
-7.24395608902
-4.31559562683
-7.33799743652
-8.47578716278
-8.9852104187
-4.58917760849
-5.9197511673
-9.08979892731
0.31822681427
-11.7444877625
-6.77514743805
-5.23009967804
-10.4318094254
-7.11419391632
-6.29900979996
-4.98564243317
-12.785949707
-4.14758634567
-9.73722171783
-5.49580717087
-11.0637407303
-9.30988693237
-14.3011007309
-5.97742652893
-10.7896795273
-6.310526371
-10.9329156876
-6.46037864685
-1.39956283569
-2.39893221855
-9.1846818924
3.34353017807
-7.78364992142
-2.38017916679
-8.44432258606
