-8.11194801331
-7.63157081604
-7.9889292717
-16.1265335083
-1.77220070362
-7.78787326813
1.70921552181
-11.864109993
-13.3481235504
-1.2869964838
-1.66901934147
-4.80466079712
-4.11737680435
-4.08805465698
-7.28960609436
1.84182322025
-6.64249992371
-11.6734676361
-8.52148532867
-5.72948741913
-2.20166921616
-0.973487496376
-9.92293643951
-7.74561023712
-7.65213108063
-9.58039283752
-8.66569423676
-7.30423736572
-9.77108287811
-14.245306015
-19.0924072266
-7.01397562027
-11.7369527817
-10.0210962296
-7.05600166321
-14.3997383118
-7.15280771255
-6.17446184158
-6.40844106674
-7.86531734467
0.745884716511
-9.45088100433
0.0864353105426
-9.635597229
-2.20983457565
-11.18978405
0.63413888216
-3.80137705803
-8.22434234619
-3.26146697998
-2.70037961006
-0.159815341234
-15.1443147659
-8.18645572662
-7.95703220367
-9.22092914581
-6.5991859436
-4.23522472382
-9.29703521729
-13.2376050949
