-7.64746427536
-13.3126153946
-21.40741539
-16.5298366547
-13.8402843475
-4.42564249039
-9.74341487885
-11.1204814911
-16.8590011597
-10.0137481689
-3.82163524628
-16.3876514435
-6.19193792343
-11.2751064301
-13.2709264755
-14.160738945
-8.36922359467
-8.15305328369
-14.8290996552
-9.72096347809
-13.0609989166
-13.3780384064
-12.1143941879
-9.43095684052
-5.86152601242
-6.4202876091
-14.9252786636
-6.87600851059
-17.8771057129
-3.55565786362
-7.26999616623
-15.2567224503
-5.64502286911
-9.00231266022
-7.47233438492
-26.8390598297
-7.66124010086
-8.78308486938
-8.69986248016
-3.99891376495
-5.97799158096
-14.1398334503
-8.57470226288
-8.14203071594
-7.9271235466
-6.55123853683
-11.6179542542
-13.9645776749
-7.11570930481
5.46811008453
-13.6252155304
-11.4102363586
-6.01848840714
-6.1823387146
-6.37119340897
-12.878704071
-3.12781143188
-6.24399852753
-10.3502473831
-8.42760562897
