-1.22746562958
-2.26874709129
-14.3655776978
-6.65393972397
-15.110165596
-9.0854177475
-8.46886730194
-2.35739350319
-5.52826976776
-11.8205852509
-9.96370124817
-1.96494555473
-18.4837188721
-5.10897779465
-6.18780183792
-3.2182226181
-2.55561566353
-7.00888824463
-3.69620418549
-8.57232093811
-3.18386912346
-8.10956478119
-13.5074653625
-11.2824935913
-5.13404893875
-8.94406223297
-4.21470069885
-5.8254699707
-2.95358395576
-2.12752199173
-8.49324893951
-8.87267303467
-6.16931819916
-8.86186408997
-2.93782520294
-5.02079486847
-11.7767238617
-5.71011352539
-7.94660568237
-5.27972173691
-8.46726799011
-11.1088628769
-9.19839859009
-14.681892395
-6.71041107178
1.59216737747
-3.99912023544
-10.3090438843
-9.03269863129
-7.46876859665
-5.72430562973
-8.21183776855
-7.14824533463
-8.37748718262
-16.8932113647
-2.2895898819
-11.4754514694
-1.05612242222
-7.71944189072
-4.65424442291
