-12.3698062897
-20.7922534943
0.482563734055
-8.81368923187
-10.8981208801
-18.9042720795
-3.02173352242
-0.626083433628
-3.27954888344
-13.1855859756
-9.70862674713
-5.8932800293
-13.5278806686
-10.3922920227
-26.0434207916
-4.08420085907
-0.219327360392
-8.796667099
-0.916972577572
-18.6972846985
-19.3431930542
-20.7063274384
-6.53290605545
-18.93724823
-3.11926269531
-9.0217666626
-11.6095905304
-6.71646976471
-18.25299263
-4.09662532806
-10.8064451218
-7.9707942009
-4.43665552139
-0.656111001968
-10.3985958099
-6.92574071884
-8.39038276672
-7.41213703156
-7.98380470276
-11.1883592606
-6.77863502502
-4.43514823914
-12.581155777
-6.87288331985
-4.1079082489
-8.79200172424
-5.91465473175
-7.21948003769
-3.43192505836
-11.2427482605
-6.41616296768
-11.3197431564
-5.67674827576
-4.36952972412
-12.3758239746
-1.18265593052
-5.88474798203
-8.98775863647
-8.30180454254
-5.62363672256
