0.224267914891
-8.02837753296
-6.62236499786
-5.98087978363
-5.88982439041
-8.65084552765
-3.3594493866
-8.24521636963
-6.54239177704
-9.67307662964
-20.0944499969
-5.95011091232
-6.52916955948
0.428446292877
-7.77844047546
-6.61034536362
-7.07563495636
-7.1521897316
-3.88910222054
-10.3023519516
-11.1571350098
-3.40948796272
-4.74909591675
-0.265560120344
-3.30182337761
-9.72337436676
-6.05997514725
-16.8602581024
-1.00594210625
-9.95459461212
-9.34606933594
-7.97156143188
-10.5071048737
-6.92020940781
-8.1341791153
-16.9319801331
-12.6570854187
-9.16488456726
-2.18851184845
-4.22719955444
-6.90082502365
-5.64775943756
-6.69808626175
-6.09217596054
-8.79182910919
-7.94507551193
-0.754203498363
-7.20995759964
-5.77633428574
-5.60745191574
-9.75492191315
-4.29756164551
-10.3708572388
-13.5429058075
-5.05089950562
-8.59300136566
-4.29411220551
-0.123755663633
-4.55476093292
0.222472831607
