-3.22968029976
-7.69030857086
-1.81005620956
-8.53559017181
-7.30261325836
-6.01601076126
-11.038233757
-9.3636007309
-6.37696313858
-3.16359806061
-10.7076568604
-8.03430175781
-7.04230213165
-7.34288978577
-9.76803874969
-17.8683795929
-9.39080715179
-6.04714679718
-4.03199529648
-4.59544944763
-8.02836036682
-6.1526556015
-8.21504402161
-5.78853750229
-7.71188354492
-11.315079689
-6.97290945053
-4.33412122726
-14.2084293365
-8.2110080719
-6.42612314224
-6.19715929031
-11.8904514313
-9.40738010406
-7.9423327446
0.396367996931
-12.9482927322
-6.67530679703
-3.82633924484
-3.14515542984
-5.63206338882
-7.81836032867
-11.3185052872
-8.41232013702
-4.62612342834
-15.1842679977
-3.55098247528
-14.218298912
-1.41372156143
-13.4500236511
-6.83371734619
-7.79801177979
-5.9685883522
-7.36781454086
0.0991062894464
-8.03083133698
-1.97958779335
-9.07975482941
-9.67680644989
-1.8039137125
