-7.50881528854
-14.984005928
-14.389497757
0.183773130178
-0.020550115034
-11.1372766495
-17.3325958252
-12.8167762756
-7.27743959427
-6.47027778625
-2.70928311348
1.47045278549
-9.99477767944
-7.69512796402
-13.3052167892
-13.1171293259
-12.4168815613
-6.70392751694
-6.31097745895
-11.2263374329
-5.90753507614
-2.08887434006
-14.9055433273
-6.46693229675
-8.67276573181
-7.09261512756
-6.7775144577
-1.9640378952
-9.59684371948
-7.39457273483
-3.98042631149
-10.0197153091
-6.26952505112
-3.15082621574
-5.37643432617
-2.70460677147
-10.56270504
-3.7576584816
-3.69990754128
-3.83291363716
-18.3783988953
-22.7853221893
-11.1531963348
-8.10154724121
-14.3806962967
-5.8936715126
-2.69782519341
-4.24184370041
-7.54777574539
-16.5256824493
-10.3497905731
-3.09541869164
-6.69545936584
-6.00774669647
-6.12998723984
-6.25611162186
-9.45161342621
-6.83136892319
-5.8532910347
-12.8187475204
