-9.85150146484
-4.3426618576
-28.0529899597
-1.3870395422
-4.71329975128
-14.7139835358
-7.81334972382
-5.4102191925
-2.07273244858
-3.41161370277
-9.65550613403
-8.86509037018
-8.66660022736
-10.5999202728
-10.9141759872
-9.52359390259
-7.50249481201
-5.14394235611
-2.36212253571
-4.54953145981
-15.1864461899
-23.9020004272
-8.84682941437
-11.6659832001
-7.5583615303
-4.08498811722
-14.4772691727
-12.8914146423
-10.7332143784
-8.21773815155
-7.31258201599
-14.0367298126
-0.936336040497
-10.0038108826
-4.26908826828
-2.35580992699
-6.09693908691
-5.82979536057
-2.79437041283
-4.15293121338
-11.9650411606
-17.8920612335
-11.5236177444
-6.97373247147
-11.6524963379
-15.0704507828
-0.108674243093
-3.70481038094
-8.49645042419
-12.3994884491
-11.6089611053
-4.82544374466
-11.0774183273
-4.15374135971
-4.70110702515
-6.49757528305
-6.4203748703
-18.5625019073
-9.42445755005
-5.10519456863
