1.70851504803
-7.62450218201
-10.9978456497
-3.01981425285
-4.18147706985
-8.05950737
-7.38106393814
-7.76905870438
-14.2824373245
-8.84364032745
-12.9304332733
-10.6802177429
-3.61189818382
-5.81351327896
-15.9240903854
-9.31012058258
-9.29436302185
-7.26175928116
-8.96208190918
-6.33209943771
-12.0427751541
-4.08330535889
-6.43083000183
-2.1849770546
-8.45960521698
-7.91383457184
-6.18933439255
-19.0372982025
-7.09627628326
-11.9901304245
-9.64866256714
-4.71975660324
-11.7227039337
-6.36477613449
-8.36528301239
-1.28784608841
-6.74735021591
-5.66475772858
-4.91002702713
-2.17178368568
-8.49142551422
-13.3795909882
-9.13403224945
-10.2872247696
-11.7200956345
-2.65826129913
-7.96485853195
-14.1054000854
-12.5694599152
-6.27876901627
-11.6033649445
-8.34303951263
-6.01785135269
-4.87529230118
-3.62931323051
-9.01467418671
-8.06451702118
-6.73431873322
-6.20304107666
-5.1248216629
