-7.90705299377
-13.6675271988
-6.34612464905
-6.58710002899
-9.22291278839
-8.69639205933
-7.53373384476
-5.42593955994
-6.38202381134
-5.83362817764
-6.76706171036
-11.9277486801
-7.07195901871
-7.26216459274
-6.77451372147
-6.0729393959
-8.40419006348
-9.74323368073
-6.28127813339
-5.47805643082
-7.8042755127
-8.53426837921
-5.57466650009
-7.43932914734
-7.95119285583
-6.51572370529
-7.511739254
-10.7980632782
-8.32830905914
-7.24003076553
-9.24110889435
-8.60662937164
-12.8363542557
-11.895524025
-6.47561597824
-8.20186233521
-8.20024299622
-6.46734476089
-5.69538831711
-7.05090093613
-7.63565397263
-6.79443740845
-7.37357473373
-4.28704118729
-5.10158061981
-6.45510864258
-6.47762441635
-6.92141532898
-10.1681632996
-5.98052978516
-6.54736852646
-7.2494559288
-5.85358285904
-9.56704330444
-8.14895915985
-5.1051158905
-10.4669895172
-4.63173866272
-7.12601852417
-6.27601909637
