-15.4912891388
-15.3485784531
-12.2514152527
-7.77387094498
-10.9433879852
-6.25635242462
-9.13876819611
-4.29675769806
-3.44026875496
-4.91073846817
-14.3755807877
-4.62843990326
-6.81044864655
-19.5155773163
-4.77488470078
-6.77992391586
-9.26334381104
-10.0452318192
-3.48744273186
-15.2293643951
-24.2123088837
-0.608290374279
-10.7710113525
-7.56300973892
-15.4008378983
-13.9164028168
-3.91710138321
-4.74212217331
-9.69818687439
-9.39062023163
-21.4797115326
-9.56464672089
-8.60545444489
-6.66180038452
-6.37239933014
-12.1007385254
-10.6818122864
-10.7577438354
-14.0660247803
-9.57534313202
-7.25381374359
-7.66004180908
-5.93378591537
-10.2828893661
-21.5838775635
-13.3371887207
-13.8944301605
-12.5274190903
-14.4709281921
-3.38037610054
-4.5621380806
-2.6977994442
-5.93656492233
-5.54940223694
-12.6637983322
-4.93571805954
-9.36293983459
-8.34283161163
-6.18301153183
-3.9361436367
