-2.38553929329
-4.4393196106
-19.5949840546
-9.97640800476
1.54761552811
-8.42312812805
-9.56930923462
-8.48904323578
-15.0133256912
-2.93648386002
-16.8546066284
-13.9378433228
-6.52921485901
-4.0952000618
-5.85552406311
-10.7783107758
-12.0986242294
-9.96692848206
-8.23650169373
-16.9153347015
-11.0227155685
-8.31610393524
-8.33947563171
-19.4945926666
-8.68508434296
1.51538181305
-11.2178134918
-12.6614398956
-11.1626224518
-10.1928224564
-8.77777004242
-0.940121591091
-6.78055858612
-10.6404695511
-10.6462106705
-13.0768785477
-12.6994009018
-16.7680301666
-19.6762962341
-4.49823331833
-17.3791656494
-13.2297639847
-9.39152431488
1.12045049667
-9.48971843719
-14.9364490509
-15.8195075989
-14.0959224701
-16.8246746063
-14.5642690659
-3.64745211601
-16.0292835236
-9.24812698364
-16.3405647278
-7.53267145157
-4.52683830261
-7.13307523727
-8.16026210785
-14.9002542496
-13.2475070953
