-10.2350988388
-18.6721229553
-0.0549989938736
-4.00377368927
-11.5756673813
-8.27797317505
-7.18054580688
-13.0932788849
1.91059195995
-7.58512163162
-18.6410427094
-8.25448513031
-5.42952203751
-4.84004116058
-11.9240570068
-8.22546195984
-17.1535301208
-10.4941387177
-11.3516836166
-8.14890384674
-9.58135890961
-12.11764431
-12.2541265488
-7.86141443253
-6.40317487717
-8.34342670441
-3.93269014359
-10.5462493896
-7.52343463898
-8.6519947052
-9.66258144379
-10.2488594055
0.0382182821631
-16.9094371796
-7.25591087341
-5.14768600464
-11.2252693176
-12.6311569214
-2.31877708435
-7.0331158638
-4.21485471725
-15.4168701172
-12.8517198563
-3.11162042618
-13.0103569031
-7.25890302658
-16.8208789825
-12.1341943741
-7.63076972961
-3.41376662254
1.49245989323
-7.81744527817
-10.3979911804
-15.5575428009
-1.31387376785
-14.2553653717
-22.9140052795
-9.09313392639
-6.7220082283
-13.2693376541
