-15.8588085175
-18.7060337067
-16.912021637
-10.4471673965
-9.67073822021
-4.54016590118
-14.0206279755
-9.74449443817
-16.2260303497
-2.92187833786
-6.10463666916
-4.17842292786
-17.0422096252
-16.4167690277
-6.16917324066
-23.0897541046
-15.5875110626
-14.7621030807
-2.4920463562
-5.10381364822
-13.7156496048
-13.5419282913
-4.57002067566
-6.25602293015
-9.98624134064
-13.608798027
-8.41503429413
-5.66079902649
0.403404146433
-21.1571712494
-4.08915424347
-12.67882061
-18.8078956604
-17.2102661133
-5.29852867126
-3.4299120903
-0.347560375929
-17.3857021332
-5.20630455017
-2.44048905373
-7.04582595825
-15.8058109283
-17.3586673737
-12.7354221344
-10.07172966
-10.470872879
-14.2715578079
-9.47092247009
-5.98227834702
-5.43819189072
-3.62701964378
-0.857467472553
-10.8570289612
1.50577187538
-13.0333051682
-11.3575849533
-12.3020057678
-17.9240722656
-11.7897539139
-9.74518203735
