-12.8087263107
1.29693615437
-8.89576625824
-6.22053956985
-9.91958332062
-11.2578964233
-15.6439304352
-5.30536365509
-13.3216924667
-9.43399620056
-7.11550569534
-19.6218128204
-5.41852807999
-7.29733085632
-8.94264698029
-6.82129478455
-14.7188205719
-17.6040019989
-7.36356067657
-3.28646016121
-21.6581726074
-5.77998352051
6.2394452095
-7.69756507874
-7.78128051758
-10.8290519714
-15.4286880493
-10.2820615768
-8.73781871796
-2.35319900513
-2.86247825623
-4.32720375061
-20.8020210266
-2.24059176445
-3.92383766174
-9.14590835571
-7.12739133835
-10.0293416977
-17.8661384583
-7.21245908737
-16.3962135315
0.765194296837
-3.12914776802
-8.17962741852
-1.05211424828
-11.7958965302
-16.4606971741
-14.6957406998
2.42288184166
1.54233884811
-3.60779094696
-10.2257699966
-19.8865509033
-8.09372901917
-0.326055467129
-16.6829223633
-3.91974616051
-12.239821434
-3.03530025482
-27.0872650146
