-3.36797571182
-1.73540985584
-12.3974552155
-2.62929534912
-2.83550930023
-3.77301859856
-11.6633749008
-7.38243436813
-12.470541954
-9.51866722107
-6.72353649139
3.14814972878
-0.812362968922
-10.1088323593
-9.45722007751
-6.06788396835
-5.94569158554
-5.98542356491
-11.7350530624
-14.2379159927
-9.1015958786
-5.48804569244
-9.15180683136
-1.11757314205
-6.73744535446
-10.1581935883
-12.8739480972
-13.7817993164
-5.62837409973
1.48200428486
-10.3942308426
-8.98562335968
-7.77464437485
-18.0796279907
-10.8941497803
-13.0655899048
-4.90267467499
-2.6501352787
-4.7991271019
-12.2917633057
-4.45466279984
-17.3647861481
-6.92349004745
-9.88009738922
-14.1002349854
-6.23646783829
-2.06942224503
-9.90304660797
-5.12686061859
-0.51105672121
0.280771225691
-7.34597063065
-6.58823442459
-7.49254703522
-14.5411748886
-12.7746772766
-6.9611697197
-9.9180316925
-3.09792089462
-6.50063371658
