-8.0615978241
-10.6057920456
-5.14530944824
-14.4625873566
-7.62092781067
-12.7380924225
0.998360097408
-12.8900613785
-9.03000068665
-1.69660449028
-2.82822680473
-5.46003484726
-8.48024272919
-6.5486779213
-6.32826852798
-1.42421615124
-6.51656675339
-0.187994167209
-7.73966693878
-5.52592134476
-6.08305931091
-6.07955598831
-7.58131980896
-20.4767436981
-8.33928489685
-12.4580698013
-10.3131313324
-10.2708826065
-3.93352365494
-17.0148067474
2.41605949402
-5.5841126442
-2.90284109116
-9.87457942963
-7.2117433548
-2.1611571312
-10.1935434341
-8.70027732849
-10.5126161575
-11.9929332733
1.76664149761
-7.72908115387
-12.2905158997
-4.21220731735
-4.21201038361
-3.94714426994
-9.28396606445
-10.9962854385
-5.34034967422
-10.0508174896
1.03662002087
-3.3921854496
-8.77632045746
-5.23758363724
-13.6987428665
-10.8757724762
-10.7362785339
-6.45144510269
-1.76925945282
-12.4326181412
