-5.07561635971
-8.89167881012
-11.6093168259
-2.6373436451
-4.90956878662
2.32901573181
-5.19291114807
-6.39138031006
-6.8114027977
-25.5377483368
2.92156028748
-17.9974403381
-16.888923645
-11.2674093246
-9.78981590271
-8.6908493042
-8.63660621643
-13.2236852646
-5.75370407104
-4.50383138657
-8.9690952301
-12.5346517563
-6.67141819
-10.5788097382
-5.93488359451
0.0381945371628
-7.23674869537
-7.53480815887
-7.50404167175
-15.889166832
-9.65207004547
-5.87179946899
-7.79813289642
-7.82038593292
-11.2719736099
-6.94241523743
-8.4903345108
-10.0778131485
-13.9921789169
-16.0904922485
-16.5660400391
-3.42509388924
-14.8002080917
-7.41524076462
-5.03914928436
-5.2906165123
-11.3237991333
-14.6550674438
-8.86821269989
-8.53847694397
-3.36903572083
-4.77618265152
-6.56630706787
-6.5877737999
-15.3392753601
-7.95818853378
-0.358647435904
-10.3716259003
-8.95551872253
-6.53054332733
