-14.5581378937
2.1774225235
-7.52748298645
-27.9331817627
-6.53082370758
-6.96528100967
-20.9748878479
2.56898617744
2.27891159058
-6.60422229767
-9.66474056244
-1.11464631557
-15.9037103653
-12.1819343567
1.49183285236
-6.9123005867
-4.0806055069
-10.5064516068
-16.326128006
-7.0232167244
-6.79348373413
-8.8933095932
-20.8932876587
-17.3742485046
-3.48962450027
-19.3306503296
-6.49524402618
-10.9783382416
-19.6904659271
-7.55460500717
-21.23969841
-12.3755674362
-3.97424387932
-16.0257568359
-3.81502008438
-9.7671880722
-14.5684785843
-13.5268707275
-13.256811142
-10.0724725723
-5.44295454025
-7.90915393829
-13.0584096909
-5.15057706833
-5.56857919693
-13.2113227844
-2.03313612938
-6.40347528458
-0.798701405525
-4.71498441696
-6.5993475914
-5.79949855804
-3.40136480331
-7.00003910065
-14.4021453857
-8.4557762146
-12.7406282425
-15.3753051758
-3.06888461113
-8.04310703278
