-11.3973770142
-10.2496509552
-9.99053764343
-7.07599544525
-8.64357376099
-9.42108821869
-9.1933298111
-12.3932027817
-10.8617162704
-14.3828105927
-14.1214933395
-10.1966238022
-11.0806264877
-13.869017601
-10.2167263031
-14.6208295822
-12.9228849411
-5.91197252274
-17.9226646423
-11.0205888748
-0.55636048317
-8.13847923279
-4.85147857666
-9.63260555267
-21.251039505
-5.60722446442
-3.42240309715
-5.19761419296
-2.02739906311
-0.855320394039
-10.2525558472
-18.869392395
-12.3220472336
-8.13675689697
-6.61302280426
-5.13009262085
-0.215610444546
-6.79872751236
-6.66598272324
-14.7891368866
-11.7417240143
-22.1334590912
-4.62298250198
-7.04607725143
-9.3963432312
-11.6203212738
-13.0687303543
-10.1832647324
-5.90310430527
-10.4900350571
-6.30139875412
-5.27110815048
-6.26313591003
-12.2157554626
-9.05516624451
-7.22075080872
-13.8169364929
-20.1591644287
-0.223514080048
-3.68593215942
