-9.48650550842
-8.69972515106
-10.7627487183
-3.06777787209
-5.77852725983
-9.50749111176
-13.1182479858
-3.64573502541
-8.4021987915
-9.21946334839
-11.6504135132
-10.4786500931
-20.1979141235
-7.36404371262
-12.5683927536
-8.31498622894
-7.66198015213
-1.28590083122
-7.13258314133
-6.92165851593
-5.7622179985
-6.53381204605
-7.88107061386
-7.54822635651
-1.16676330566
0.882514595985
-11.0309448242
-7.9532084465
-4.94885873795
-8.00634479523
-4.67237329483
-0.00978340487927
-18.0925636292
-8.74028491974
-15.1970567703
-6.02422237396
-4.9941778183
-0.405662864447
-10.0832443237
-8.51699066162
-11.9210939407
-5.94449663162
-9.15260219574
-7.17723369598
-11.9292497635
-6.53199005127
-20.5850772858
-11.4383563995
-11.1928758621
-10.8440170288
-7.2832698822
-7.22874403
-6.3886756897
-5.59179115295
-5.77491092682
-8.65622520447
-9.45473861694
-11.2448968887
-8.11754226685
-7.09719896317
