-2.8736205101
-6.40919923782
-9.36761569977
-2.94507956505
-0.911596000195
-8.6496591568
-10.0565767288
-7.67886400223
-6.61906957626
-12.5877933502
-3.77800631523
-5.35130214691
-6.67924976349
-5.25685596466
-0.625382423401
-4.92767095566
-5.96306467056
-6.10759305954
-9.02343273163
-9.30689525604
-4.45549345016
-2.85403680801
-15.2867565155
-6.80133628845
-6.65433263779
-3.90927791595
-6.57173967361
-2.61077284813
-3.34428906441
-8.55596637726
-18.2103462219
-3.96217131615
-4.50084066391
-10.2785024643
-6.69595861435
-10.949795723
-11.5077161789
-5.01329374313
-6.2801232338
-3.24261832237
-17.0336074829
-5.58441352844
-1.16407799721
-8.46621799469
-16.5951347351
-4.73782968521
-8.29230499268
-12.1775302887
2.98002052307
-5.9982843399
-5.51623821259
-10.2353630066
-5.87566423416
-10.2866954803
-5.23654413223
-7.85758638382
-2.20876860619
-12.3856229782
-2.2965054512
-5.81938505173
