-13.514040947
-10.0846567154
-5.42353343964
-13.2176847458
-11.3484764099
-8.13575363159
-8.18453979492
-6.38054084778
-12.6877651215
-8.22179222107
-0.722319960594
-16.9938640594
-3.20964097977
-9.58260059357
-4.22537994385
-6.1557135582
-12.8126096725
-6.60852575302
-8.58204841614
-9.28037452698
-8.22904014587
-19.1617145538
-1.12092161179
-6.70180559158
-7.31534528732
0.569286465645
-8.14904403687
-10.6569271088
-4.69220638275
-12.4924488068
-7.96957921982
-6.07171678543
-8.57408332825
-11.9945392609
-13.6650762558
-3.55988264084
-6.45183038712
-11.8191537857
-18.8340873718
-16.7465591431
-11.3225688934
1.47364199162
-8.61216926575
-12.9328269958
-7.95952939987
-16.6885681152
-7.48552131653
-7.72380018234
-4.52663850784
-11.3543462753
-2.56110453606
-15.4657268524
-0.476909965277
-10.1197280884
-3.49823594093
-19.8541088104
-8.0459985733
-7.32038068771
-18.8174800873
-7.3764538765
