-2.10297250748
-11.0852212906
-4.13077259064
-6.73286008835
-5.39904022217
-2.65995073318
-10.5202875137
-7.90374517441
-8.12690544128
-7.26543140411
-11.1708869934
-15.5794973373
-15.1726369858
-13.0629806519
-6.25206947327
-3.46899366379
-3.58080148697
-7.99801540375
-15.8579730988
-3.08709049225
-5.80663585663
-8.59618091583
-12.1198501587
-6.31646490097
-13.7635631561
0.715962588787
-5.10781383514
-12.0996227264
-16.1228160858
-9.23161315918
-12.2759904861
1.74450075626
-7.75245332718
-9.58494567871
-8.17475891113
-6.67206954956
-11.948138237
-10.2002887726
-11.6738052368
-13.4037380219
-1.78782308102
-4.27189445496
-4.90231609344
-16.6883945465
-15.4047880173
-6.96346139908
-10.0398263931
-18.1571025848
-4.50697994232
-14.316945076
-9.07712650299
-7.44431591034
-9.3298625946
-8.09619617462
-6.37176084518
-6.88613414764
-12.7937803268
-10.8445911407
-15.4564523697
-4.88883686066
