0.250507444143
-13.3233299255
-10.7324476242
-14.5493173599
-14.1880674362
-4.6494884491
-11.6577482224
-6.53057765961
-12.9986200333
-8.85028648376
-2.00102138519
-1.66894507408
0.465533852577
-13.3779087067
-7.67232894897
-9.59679698944
-14.1302833557
-2.3649930954
0.603537559509
-5.76188325882
-9.12150669098
-10.0832653046
-11.1693305969
-7.77698230743
-5.62038040161
-6.82039833069
-8.58025360107
-5.94027423859
-4.43959569931
-9.92297458649
-9.94035339355
-6.29113006592
-7.05121088028
-4.52966070175
-14.4098806381
-5.96865797043
-6.17851018906
-7.14325094223
-13.4314756393
-6.49823522568
-3.49609589577
-5.50443696976
-7.46759748459
-7.27725458145
-4.4267616272
-12.2180900574
2.55938005447
-8.92701053619
-4.06340742111
-11.0693941116
-10.4289264679
-4.96184206009
-10.5721473694
-14.5067367554
0.357310324907
-2.03157615662
-12.7383546829
-9.69040584564
-11.9322557449
-0.74811398983
