-4.80108642578
-1.25843155384
-4.72366285324
-5.14124965668
-8.2482175827
-4.24670362473
-7.94554424286
-3.93115139008
-1.21544516087
-10.2573566437
-15.6172981262
-9.35883140564
-13.3254785538
-13.8116855621
-1.97732806206
-4.13421058655
-13.0023012161
-12.2069997787
-7.31182813644
-15.6043710709
-5.91501092911
-9.11468315125
-5.46520662308
-5.95743083954
-1.19349241257
-10.372677803
-7.18369722366
-14.7941436768
-10.856584549
-1.47374403477
-16.4873409271
-4.39465284348
-9.17671203613
-6.93834638596
-17.2711277008
-9.77516078949
-11.6074123383
-5.98877000809
-14.7792062759
-17.1050033569
-14.5951519012
-5.3666472435
-10.4566698074
-10.0015325546
-5.53296852112
-6.6364107132
-4.4972448349
-2.61424946785
-9.19720554352
-17.0453586578
-17.0487709045
-4.34979200363
-7.31109046936
-2.33252596855
-4.41405439377
-10.3895483017
-7.00263214111
-15.296631813
-6.70831727982
-1.95023083687
