-10.2543325424
-25.5793876648
-4.93156480789
-6.6684718132
1.0096321106
-6.93967866898
-15.5864257812
-17.4705181122
-18.1580467224
-10.7588281631
-9.84441280365
2.73475337029
-1.84951794147
-11.1795377731
-9.33945178986
-12.0426054001
-5.50511026382
-12.2563829422
-0.99140137434
-20.0428180695
-7.0217833519
-5.5078458786
-14.5697431564
-8.26186943054
-6.28620481491
-8.41659259796
-5.53677177429
-2.47808742523
-19.4383850098
-4.89047336578
-3.77118611336
-4.52565956116
-12.7886295319
-8.69771671295
-5.97438383102
-9.34553623199
-5.11295461655
-5.89080715179
-12.183095932
-14.4479780197
-9.29435443878
-24.0571079254
-0.948426604271
-10.3847017288
-3.26012301445
0.930941581726
-17.7002563477
-13.3433208466
-14.3335552216
-12.7460918427
-4.40470933914
-23.4317836761
-3.38712501526
-27.2209396362
-16.1733531952
-6.57083082199
-7.25645828247
-1.93239450455
-8.91706943512
1.5227175951
