-9.91324138641
-5.01481246948
-19.5999202728
-9.06715965271
-4.82447004318
-5.01619052887
-18.3245639801
-2.5458791256
-14.4438695908
-7.95893096924
-2.5946662426
1.42305529118
-8.57112026215
-12.6663131714
-10.6042861938
-14.323425293
-16.8758945465
-18.7333011627
-4.103992939
-12.2818584442
-4.88440704346
-15.9556894302
-10.2621850967
-5.30958509445
-2.5894973278
-3.18989109993
-12.8518304825
1.47481739521
-14.6745796204
-13.3413629532
-13.2923278809
-3.75574469566
0.234265491366
-22.6858406067
-16.2702865601
-4.95665073395
-8.68792724609
-6.16331768036
-10.0433931351
-6.84612751007
-10.6595420837
-9.19244766235
-13.2393436432
-13.4392089844
-21.6147117615
-13.1951303482
-0.0130554065108
0.0536434613168
-13.4848480225
-12.3078155518
-1.36512732506
-3.82515978813
-6.33202075958
-6.73319149017
-14.040140152
-9.69118976593
-11.0178604126
-8.64239215851
-2.02820181847
-9.49641513824
