-13.3289308548
-8.87462520599
-4.91815948486
-8.1767950058
-11.0214643478
-8.03975868225
-7.71929788589
-1.41138184071
-6.55354118347
-9.30413913727
-3.97916054726
-5.50370740891
-10.9248361588
-10.5933198929
-6.94590568542
-11.7338876724
-9.63736724854
-9.32555770874
-8.51159667969
-12.397485733
-5.69760465622
-4.77665996552
-12.0092039108
-13.6868009567
-1.54196512699
1.28339219093
-2.66822838783
-8.34425067902
-1.57063007355
-7.81599283218
-11.4822101593
-10.968996048
-7.17137241364
-8.87058544159
-8.88196849823
-8.24975681305
-12.4477968216
1.80326199532
-3.72255539894
-7.01825714111
-13.6660060883
-9.1589307785
-18.7374343872
-9.0903339386
-15.0672388077
-5.07328224182
3.88977575302
-4.62662649155
-6.47595977783
0.355357438326
-3.6459569931
-5.56480264664
-15.7883253098
-11.3925714493
-12.0413894653
-4.83014249802
-10.142115593
-12.5608501434
-1.8792501688
-5.23914813995
