-5.82948493958
-0.931826472282
-4.7000041008
1.23448574543
-12.496846199
-5.53667736053
-2.77612900734
-7.38880634308
-5.25197887421
-4.58718109131
-5.2135591507
-7.21356678009
-15.8512563705
-7.80519294739
-13.7570877075
-7.69244813919
-4.07405376434
-3.5042848587
-3.03378462791
-8.77942466736
-8.82064914703
-8.43478393555
-7.47282505035
-4.0819735527
-5.77351999283
-3.8707447052
-8.34397315979
-11.6055335999
-7.44206571579
-6.98372936249
-4.59971618652
-10.7067537308
-7.59579992294
6.87494945526
-10.7363758087
-12.2409534454
-14.119184494
-0.765811800957
-11.4864320755
-13.3239717484
-0.0553213134408
0.065543487668
0.405618906021
1.56149351597
-9.96303653717
-6.20140886307
-10.6299180984
-16.0948619843
-18.0031318665
-5.93667554855
-9.00595760345
-15.8451633453
-4.58523035049
-12.0842905045
-7.62122297287
-14.7117652893
-4.3631734848
-0.414965122938
-9.6967458725
-13.6562461853
