-5.62068510056
-2.51700901985
-7.78286504745
-14.3763971329
-2.73558473587
-13.4819164276
-9.89655685425
-8.01982498169
-10.0497074127
-6.81179475784
-14.3658428192
-11.1268367767
-6.87682533264
-13.1644420624
-11.2441272736
-6.92438697815
-8.5971364975
-8.89530754089
-10.3222227097
-14.8398714066
-14.3815927505
-2.86445140839
-8.48331737518
-7.79864931107
-12.3753614426
-5.14200639725
-5.20274877548
-16.3888225555
-8.00104236603
-9.23634719849
-7.26024913788
-14.2902565002
-2.59670591354
-10.8785142899
0.713569641113
-15.630279541
-5.06820249557
-8.73683166504
-13.7564439774
-4.143201828
-14.0335140228
-1.81783890724
-10.5560417175
-14.8428144455
-10.0057134628
-9.92995262146
-10.9371204376
-4.39879274368
-11.6664171219
-10.3286008835
-13.7942285538
-2.16796207428
-13.109044075
-6.59068012238
-7.76871871948
-6.68349885941
-2.53742003441
-12.9179191589
-2.76245880127
-1.03135955334
