-7.20558261871
-5.73098134995
-2.15854215622
-8.582239151
-9.57307338715
-7.66482973099
-18.6824359894
-9.00602626801
-15.9929132462
-8.44805908203
-4.19247913361
-11.3344974518
-10.2696180344
-8.22409629822
-9.52202033997
-10.2500562668
-7.68487453461
-8.65773487091
-8.29801177979
-4.39635896683
-15.2281398773
-11.9437532425
-9.86292934418
-12.2053518295
-4.50925111771
-12.8424711227
-13.86992836
-8.44596385956
-11.3972454071
-8.44227027893
-14.3970499039
-10.9091968536
-5.94526147842
-8.82995414734
-11.6231040955
-6.36190032959
-4.87176084518
-3.25226688385
-10.360959053
-6.66050243378
-7.39103841782
-15.349366188
-8.43774604797
-12.7079992294
-7.97344112396
-4.0899553299
-6.1581659317
-19.7745838165
-16.4827861786
-10.2576370239
-16.1086902618
-9.58855628967
-0.325092971325
-9.78003692627
-7.38327407837
-3.37340188026
-4.86720466614
-6.44137191772
-1.7973664999
-5.01232862473
