-7.19644927979
-8.34794998169
-6.4322385788
-8.95055675507
-5.95026636124
-7.70558404922
-7.09633541107
-6.85875177383
-13.1542348862
-7.63849306107
-5.00909328461
-10.9333629608
-4.65649318695
-7.33125734329
-7.32319545746
-6.33694982529
-6.06814908981
-6.45149898529
-7.55279445648
-11.909661293
-8.38949871063
-3.98785281181
-2.70105361938
-13.2932310104
-7.46545505524
-5.54638242722
-5.76756381989
-9.83791923523
-7.58478069305
-7.49366807938
-8.1240272522
-6.06524467468
-5.87909030914
-6.33126592636
-6.26159286499
-6.50895118713
-5.21020126343
-9.23034191132
-7.91465997696
-8.74987030029
-7.00416946411
-8.33292484283
-7.30662059784
-7.61879396439
-7.620865345
-8.00521278381
-6.92245054245
-13.302939415
-5.54984235764
-10.7773990631
-7.07956504822
-9.89222240448
-8.51604270935
-8.10666942596
-5.88562202454
-10.9369487762
-7.86902284622
-5.03442335129
-13.4549531937
-6.42347431183
