-11.020989418
-7.48367118835
-7.10237312317
-11.505613327
-14.7196464539
-9.90077590942
-11.0469369888
-10.9825592041
-4.30170249939
-6.72559738159
-7.90445137024
-3.78461647034
-11.6492490768
-7.26192045212
-5.42217588425
-7.40636396408
-5.68477535248
-9.1111574173
-11.209271431
-9.62659072876
-7.79368400574
-10.7710447311
-11.4152173996
-7.64905834198
-7.75693130493
-7.56647491455
-6.01663732529
-8.83670425415
-12.6685295105
-9.16116333008
-6.48648929596
-11.4476451874
-7.6935544014
-9.11606788635
-6.6001496315
-7.47849225998
-14.3494634628
-12.2580127716
-7.78314876556
-4.24790143967
-5.82965040207
-5.38530635834
-8.91086292267
-7.96256732941
-6.69649219513
-9.32137584686
-8.99045181274
-7.08216524124
-10.7375040054
-5.82769060135
-6.89950704575
-6.38474225998
-7.82853126526
-9.0313873291
-2.38732147217
-7.20990896225
-12.1876316071
-10.4569940567
-7.77192926407
-6.11234664917
