-8.88465499878
-9.83115959167
-12.8763780594
-11.2407646179
-10.3950796127
-5.81832122803
-6.91935157776
-7.09187841415
-9.08232784271
-7.20883893967
-4.77612781525
-6.80203914642
-5.45333051682
-5.02983522415
-5.11586713791
-10.8895187378
-11.1613864899
-8.75584602356
-7.00070381165
-8.74677181244
-11.4187107086
-11.0186891556
-5.75174856186
-3.83737778664
-5.4943780899
-10.4037475586
-6.48521518707
-5.84658718109
-9.83383083344
-12.836774826
-8.18234920502
-3.0278878212
-13.0266456604
-5.8279633522
-9.6191368103
-9.83257770538
-8.87245750427
-4.61800098419
-13.3545484543
-11.3345689774
-11.9678688049
-6.90021276474
-7.79392004013
-5.34220695496
-7.03295373917
-7.80792999268
-8.16690731049
-6.67475795746
-9.1497335434
-6.33657503128
-6.84339332581
-9.19584178925
-9.99916553497
-10.9429550171
-5.61103153229
-6.59874868393
-5.66639328003
-8.26489639282
-7.30434656143
-9.04975986481
