-4.92442369461
-19.3362884521
-0.908674418926
-6.3347029686
-6.04931163788
-8.21115875244
-0.16256159544
-9.06904411316
0.126627281308
-11.1982278824
-7.62796592712
-20.0760822296
-7.4654750824
-6.54622602463
0.83134996891
-13.1972284317
-7.81653833389
-15.5944862366
-8.72862529755
-3.02237343788
-5.98734378815
-7.03562450409
-7.725004673
-9.40162563324
-7.30065059662
-6.60222196579
-5.59297132492
-11.7134523392
-6.54577970505
-7.22455263138
-1.09735500813
-6.96427154541
-5.19178295135
-8.16480922699
-11.55747509
-4.69372081757
-9.82612133026
-7.94926452637
-8.7947511673
-10.9737730026
-10.4712247849
-4.49100494385
-0.458313554525
-9.03724575043
-6.51786994934
-2.57626676559
-10.4554624557
-11.9713363647
-8.72845649719
-10.6428947449
-6.0386223793
-12.1991271973
-18.772808075
-5.38401651382
1.07614827156
-4.56063556671
-6.79718255997
-7.49536514282
-11.3028469086
-6.25949764252
