-7.00283479691
-9.80352210999
-2.23994803429
-11.8283290863
-8.61950778961
-7.935942173
-11.7039365768
-8.82988929749
-11.743803978
-10.3649606705
-7.92275381088
-8.97268104553
-9.90518569946
-8.08441734314
-7.83201599121
-7.0407371521
-7.07661914825
-5.52580070496
-11.0436706543
-7.33673858643
-6.94933986664
-7.70342731476
-7.7906165123
-10.5698719025
-3.46608352661
-12.6149225235
-6.5299911499
-8.86358261108
-8.1721572876
-10.8627061844
-4.21521711349
-1.61006724834
-6.48359155655
-8.76807498932
-7.52383995056
-7.63338422775
-7.52214670181
-7.27391242981
-6.18271350861
-5.71303081512
-5.99859523773
-6.94328022003
-6.16239643097
-15.6416864395
-5.21926689148
-5.87446880341
-7.208568573
-6.71220111847
-7.05494213104
-7.52765130997
-12.2307386398
-6.46846723557
-6.19301509857
-13.3685941696
-6.44986104965
-7.29840373993
-7.67593336105
-15.0237436295
-15.1329164505
-7.47543239594
