-3.58934593201
-4.34366893768
-6.76863050461
-8.96258354187
-9.5881986618
-9.76846218109
-4.81534433365
-9.89571380615
-5.01230955124
-8.63588237762
-4.76031017303
-6.74927043915
-5.36026477814
-4.73416471481
-6.11446332932
-7.39983463287
-10.3509674072
-8.65683078766
-8.46825695038
-6.78775119781
-6.49936771393
-5.1693854332
-10.4023170471
-8.16780376434
-4.9757270813
-7.67327213287
-8.3434381485
-9.94428825378
-7.23704433441
-6.16304302216
-6.43317604065
-11.8907442093
-5.09022855759
-8.16365242004
-9.22810268402
-8.70453643799
-10.0197820663
-7.59027910233
-7.12381076813
-9.47019386292
-6.24010133743
-9.29708480835
-8.581823349
-12.3157024384
-9.73022079468
-6.96499729156
-6.27929830551
-5.55422830582
-8.4593963623
-4.98858499527
-11.1538705826
-6.62430429459
-4.06235265732
-7.12150669098
-8.6884469986
-9.66622924805
-6.22791957855
-9.02046012878
-8.33958625793
-8.97075366974
