-6.63519096375
-9.3510684967
-3.76350569725
-5.45344734192
-8.98265266418
-8.46238517761
-7.52499675751
-6.68560504913
-7.44459342957
-6.87200784683
-8.05193138123
-4.79650115967
-7.19325876236
-9.55171585083
-6.82421636581
-8.38897037506
-6.94235610962
-5.20177745819
-5.35206031799
-8.19651985168
-9.72141361237
-5.2598567009
-10.4050731659
-9.46855163574
-8.56002902985
-5.70949220657
-6.60526418686
-7.12378978729
-9.32125473022
-6.70599508286
-7.0027513504
-7.36051130295
-6.25473213196
-6.90903759003
-6.95846366882
-6.89252996445
-8.3902759552
-5.69971847534
-7.48382616043
-4.63881206512
-10.1234893799
-10.0399465561
-7.61858606339
-9.53869819641
-8.01922798157
-4.75309944153
-6.64284896851
-6.59772872925
-9.76075553894
-8.40969944
-9.94864273071
-7.25925540924
-10.0354709625
-11.0348014832
-3.33416581154
-7.34607982635
-7.36678171158
-5.86858701706
-6.67717647552
-9.1858215332
