-6.05096054077
-15.1967229843
-7.66939210892
-2.24127221107
-6.66007423401
-6.63602685928
-6.66103458405
-7.87517261505
-6.56266355515
-5.55330562592
-7.74253940582
-6.35084199905
-13.7387962341
-6.32194709778
-10.0625867844
-6.3953742981
-6.27754402161
-8.85064029694
-3.05790042877
-6.45103549957
-4.95573425293
-7.23815107346
-6.09720945358
-8.77894878387
-3.47779798508
-8.25636291504
-10.0104627609
-8.07677841187
-13.8511753082
-7.83586740494
-6.6546959877
-8.67395305634
-8.62933254242
-9.39470100403
-8.93741893768
-5.01199436188
-10.8706798553
-7.75081157684
-16.4708099365
-9.6640996933
-4.09433174133
-7.734623909
-2.22419643402
-9.10249423981
-2.80934500694
-7.70848321915
-14.2551908493
-6.88232517242
-5.00719118118
-6.72881412506
-5.6214966774
-8.23862171173
-6.52997398376
-13.637014389
-4.80336046219
-5.33864021301
-6.96735954285
-5.01639699936
-4.03014564514
-3.99850964546
