-9.46332454681
-6.18004369736
-8.91007328033
-8.123087883
-11.3108320236
-6.50267839432
-5.9854888916
-8.32964611053
-3.29680490494
-4.74650859833
-7.90626573563
-5.49104118347
-7.48249387741
-5.2109951973
-6.9103975296
-7.97502422333
-4.69084882736
-10.2064666748
-8.0302362442
-7.97789669037
-11.4795837402
-7.82056331635
-4.30000591278
-7.25934743881
-4.35173416138
-8.38917255402
-6.46021938324
-5.90958595276
-11.7778015137
-10.5426092148
-3.35523557663
-10.0258636475
-11.7779960632
-10.0766887665
-11.7496976852
-7.92686080933
-13.4399642944
-6.2852063179
-7.58843660355
-4.76538848877
-10.3994932175
-8.43649578094
-6.26346921921
-10.5125207901
-6.07729530334
-10.1341667175
-8.49185466766
-11.7634449005
-7.42659568787
-7.75669765472
-8.86424636841
-12.8568572998
-7.2622294426
-12.4049921036
-7.86332941055
-6.13310050964
-4.44471931458
-5.2293381691
-8.65705680847
-14.478764534
