-5.85581970215
-4.3496222496
-10.5375061035
-8.65684604645
-8.48678874969
-4.29312086105
-6.08537817001
-8.7361946106
-7.98148155212
-10.9713869095
-6.63097333908
-6.58741569519
-8.8263130188
-6.5694899559
-6.63338804245
-9.93198204041
-4.57545852661
-11.1582241058
-8.93877601624
-9.50476551056
-6.58184814453
-8.41529178619
-10.0818767548
-8.79373264313
-7.99864387512
-10.2327318192
-5.53667020798
-7.94862222672
-5.36187314987
-6.45239305496
-7.51774549484
-8.1607465744
-7.89079618454
-6.70084095001
-3.05343055725
-7.39315462112
-6.09053850174
-5.72600507736
-9.57559871674
-6.80838012695
-3.16025662422
-9.55549526215
-8.57562637329
-8.21288108826
-6.43556261063
-3.09572482109
-7.11238336563
-6.91149234772
-7.79132843018
-7.07428979874
-11.9962902069
-6.57551813126
-6.91864109039
-6.98215150833
-7.67587757111
-6.07032632828
-3.28564620018
-11.0448732376
-7.35587692261
-12.5297698975
