-5.28217792511
-8.08116436005
-9.01090717316
-10.097442627
-10.3430395126
-6.16999197006
-6.1899356842
-11.2580833435
-4.54673957825
-7.42564821243
-7.31671619415
-7.62141799927
-6.6733288765
-10.3808946609
-11.3993968964
-6.11400318146
-9.61872768402
-10.2785024643
-4.61496305466
-6.63953113556
-6.41769599915
-8.46164035797
-8.92631435394
-6.96718168259
-8.12336063385
-5.81176567078
-15.2575006485
-7.06977272034
-6.33880615234
-6.88013029099
-10.1771259308
-6.72409105301
-10.6465711594
-7.57093334198
-9.10144901276
-7.89927387238
-11.7193632126
-5.67582988739
-5.70001459122
-9.82352733612
-7.28575229645
-8.93541431427
-8.84113788605
-6.81442022324
-7.58388090134
-7.42932510376
-6.80100154877
-6.14656257629
-5.93780899048
-6.09015274048
-7.47530031204
-7.23121166229
-10.9877538681
-7.4800157547
-6.1144490242
-4.74057674408
-7.1547164917
-3.09823107719
-13.5561771393
-10.3689603806
