-8.79630661011
-5.99873209
-6.43528032303
-6.04799318314
-10.3452968597
-10.5006332397
-4.13061571121
-9.67406654358
-6.80778932571
-7.70216751099
-7.28849315643
-6.33088207245
-8.38577651978
-4.47133111954
-8.76684379578
-11.1391506195
-8.39541339874
-7.38115644455
-11.8612728119
-4.4256067276
-6.31740760803
-11.0591821671
-3.11569046974
-9.61316585541
-5.04770183563
-2.17963266373
-11.6184062958
-17.1992034912
-7.29562425613
-4.97145986557
-6.51516962051
-9.68073749542
-7.5769405365
-7.41447734833
-10.7791719437
-6.16995573044
-8.34148693085
-9.68762779236
-5.01037025452
-12.4509649277
-7.68149709702
-8.80928325653
-6.89052915573
-7.75009155273
-7.15097236633
-6.2422246933
-4.36462402344
-6.93711328506
-7.93362140656
-12.2210617065
-5.18114995956
-10.1062507629
-11.6200294495
-4.5874209404
-5.46057367325
-5.52196264267
-11.5924291611
-8.24203681946
-9.55533790588
-6.89093017578
