-3.61112093925
-9.47502040863
-8.29237556458
-7.26743984222
-7.52083778381
-9.0918302536
-5.32351255417
-8.12148952484
-8.92214584351
-9.00864315033
-6.93563985825
-7.94848442078
-8.91773223877
-7.30763626099
-9.50328159332
-12.3414106369
-9.74607181549
-5.55114984512
-5.23045110703
-6.80999517441
-3.48927617073
-8.58526802063
-3.58495593071
-15.0755567551
-4.89773893356
-3.69022631645
-9.32051849365
-6.89164400101
-9.79176425934
-3.9434158802
-20.240070343
-12.002122879
-4.8028216362
-12.8375024796
-6.30379295349
-6.98996305466
-10.6195392609
-9.39029121399
-6.37127637863
-6.00927495956
-5.65960979462
-11.534450531
-9.20540046692
-3.71847200394
-8.07433986664
-10.0676422119
-8.89469432831
-7.83486700058
-7.87344408035
-4.61710596085
-3.56576800346
-15.9367084503
-11.3120517731
-7.89822006226
-6.98534393311
-6.41711473465
-8.37277889252
-5.38714933395
-8.33217144012
-13.0753545761
