-7.75080537796
-17.2793521881
-7.68995857239
-20.2949447632
-27.5389289856
-23.2093849182
-7.69542741776
-6.81022500992
-7.85060977936
-9.77873325348
-0.68306607008
-10.7559661865
-0.809607386589
-5.59182596207
-13.6493272781
-1.20316791534
-1.19621944427
0.543984591961
-11.592795372
-9.85822296143
-15.7372226715
-29.31665802
-10.4686965942
-8.49563312531
-11.4069480896
-0.619144082069
-1.18722176552
-2.05239343643
-3.86396217346
-7.71467494965
-10.1305847168
-3.51354956627
-24.9049549103
-5.04510784149
-2.19729566574
-9.42071342468
-13.1004667282
-8.35070037842
-5.19766426086
-6.50632238388
-17.2576313019
-18.7182807922
-11.0537977219
-13.4754657745
-6.6009054184
-9.08652210236
-11.0689191818
-7.92062902451
-9.32919502258
-7.96864318848
-12.708984375
-8.89784049988
-6.65269327164
-14.1585865021
-11.2197132111
-12.3131141663
-10.1732110977
-10.2538995743
-5.1776471138
-16.969619751
