-3.41455197334
-7.8853764534
-6.3310084343
-4.50121545792
-14.7755069733
-2.00365328789
-1.79886364937
-2.46784806252
-12.3074388504
-20.5699710846
-9.46284389496
-2.63528728485
-10.0789470673
-11.0037918091
-19.0363349915
-8.24495601654
-8.59986019135
-11.7765417099
-7.67935800552
-11.0012865067
-13.569483757
-14.5900688171
-6.77827453613
-16.507352829
-7.39139890671
-7.48963785172
-6.40939044952
-7.76348161697
-11.343421936
-6.08365106583
-9.57326316833
-12.6895284653
-9.39869022369
-13.1582174301
-2.84056901932
-1.48509025574
2.07745599747
-9.23738288879
2.28353214264
-3.84723162651
-1.21373641491
-10.2511672974
-8.66159629822
-7.51940393448
-6.59102582932
-13.9667196274
0.738727867603
-9.12382793427
-18.0024375916
-0.684914410114
-3.69152545929
-0.180655390024
-8.32581806183
-5.67524576187
-11.7390766144
-10.0747938156
-0.427310675383
-6.01424598694
-0.247447282076
-4.37460851669
