-4.10314178467
-7.10697317123
-4.50884342194
-7.30837154388
-2.41487812996
-3.05801296234
-4.14653348923
-12.2252063751
-15.3419914246
-4.57970571518
-0.0221176557243
-3.87769317627
-8.4369058609
-6.19364404678
-15.7567615509
-10.2642335892
2.05594730377
-5.48404836655
1.5693757534
-16.5614547729
-3.64902114868
-12.9890460968
-26.0109157562
-3.07990169525
-2.8868906498
-3.82951664925
-4.8855137825
6.18634986877
-1.92887699604
-8.95808601379
-19.8245658875
-2.81228327751
-2.26334047318
-13.0411243439
-1.74061489105
-3.01073765755
-4.45708465576
-1.60779106617
-8.92292022705
-10.5904750824
-8.37028980255
-14.2314987183
-2.795388937
-14.3398218155
1.59715867043
-13.5405292511
-7.51908826828
-18.0568599701
-8.88175106049
-9.87923049927
-2.58082962036
-11.2653694153
-4.16104221344
-9.23098468781
-2.42098379135
-5.91336393356
-4.46202135086
-9.67055797577
-12.2119054794
-4.02510261536
