-11.3397140503
-10.1945791245
-18.3668079376
-12.4080572128
-6.22355604172
-7.78592252731
-8.96348953247
1.05902373791
-5.68904256821
-5.38455867767
-16.0323352814
-3.1262280941
-8.50879764557
-12.9807128906
-19.4762763977
-6.62278270721
-2.17018389702
-16.5751991272
-4.07509946823
-10.2317552567
-9.30186653137
-9.75968265533
-9.02710056305
-2.98013353348
-3.03478622437
-5.67072153091
-7.59014606476
-13.9722929001
-5.43142032623
-8.97201538086
-13.6623954773
-2.01342582703
-4.6893620491
-1.31279635429
-3.63459348679
-4.02613592148
-15.3273267746
-2.9236330986
-6.54397773743
-16.515247345
-22.1156024933
-7.73844718933
-7.44017362595
-5.5061621666
-10.2993555069
-12.4601068497
-4.87022542953
-7.51110601425
-3.36561846733
1.26528954506
-4.37396240234
-16.0429000854
-7.74455547333
-8.86198997498
-11.3401384354
-18.8045120239
-13.3301935196
-6.56403923035
-1.9092605114
-11.4665975571
