-6.87857627869
-5.71324777603
-9.33979892731
-7.27898359299
-11.1196489334
-5.84755563736
-7.26919603348
-10.538315773
-9.21626758575
-6.61843919754
-5.24864196777
-3.17173194885
-6.67224645615
-11.5291786194
-6.61363554001
-7.7980594635
-5.2236866951
-6.20768976212
-11.6469116211
-6.31472873688
-10.8150444031
-7.22710609436
-5.56152820587
-5.84734916687
-8.66788482666
-9.31635665894
-6.51762104034
-7.90752029419
-6.06109809875
-8.18970012665
-6.27651453018
-12.3073501587
-7.95174026489
-10.1500015259
-6.69851112366
-8.09591579437
-9.89812660217
-6.27158880234
-7.53399085999
-8.88652229309
-6.32550287247
-11.0013217926
-6.52231168747
-9.22669315338
-9.06507205963
-7.78432941437
-8.34755039215
-3.74838995934
-5.29219388962
-9.79029655457
-7.7381939888
-7.3108625412
-5.19258975983
-11.6037492752
-7.93071651459
-10.2812099457
-6.03214168549
-9.72557258606
-9.42458629608
-5.79173135757
