-7.27355241776
-4.69016742706
-11.5043392181
-10.0339546204
-5.36538362503
-6.61158657074
-4.68625974655
-5.90829753876
-5.24854564667
-6.58953332901
-8.78400325775
-5.137570858
-7.69226503372
-7.43015480042
-19.7544364929
-9.22776317596
-7.81681537628
-8.56068325043
-6.9513335228
-7.05254983902
-6.8748550415
-9.54551792145
-12.0476722717
-10.7863693237
-16.0245876312
-10.1549406052
-7.42982244492
-7.78585958481
-5.65520334244
-6.72336959839
-11.6086893082
-6.12646579742
-7.92247486115
-7.78161001205
-8.42162799835
-7.11633062363
-5.91904735565
-9.34297275543
-8.82065868378
-8.17883682251
-12.0197572708
-4.36208248138
-8.05187511444
-14.1747283936
-13.0518198013
-4.64315652847
-8.65937709808
-7.9942612648
-5.91583633423
-7.95059633255
-12.2188482285
-11.6455221176
-6.81283760071
-12.1141214371
-7.15174484253
-8.56396484375
-4.35847091675
-6.52162790298
-9.56189441681
-10.0219430923
