-5.28274440765
-8.20008468628
-7.72426605225
-8.03705692291
-9.00965023041
-7.07227611542
-8.22222995758
-7.99679279327
-12.8199462891
-7.20581436157
-12.5687103271
-7.82183790207
-7.654484272
-11.6516952515
-8.40548992157
-11.752781868
-4.34314632416
-6.3845705986
-7.46558046341
-0.831184923649
-7.22172880173
-5.9476108551
-10.9960193634
-12.0402841568
-8.28684711456
-7.38181352615
-6.72269773483
-5.61501121521
-15.0886125565
-9.99413585663
-9.97785186768
-6.65624570847
-7.26418113708
-6.98760986328
-11.1254987717
-5.40233850479
-5.73715400696
-6.78117179871
-7.68431425095
-8.53734302521
-4.01489782333
-4.3144698143
-9.18423175812
-8.80304718018
-4.22909641266
-4.26826238632
-8.33500671387
-3.64814114571
-10.9040727615
-6.39124917984
-7.70454072952
-7.9303483963
-6.41667222977
-6.66476488113
-9.77310657501
-8.09901332855
-8.51924419403
-9.20650291443
-10.1862649918
-5.7995467186
