-5.105864048
-6.12348413467
-10.6363792419
-6.13389778137
-8.50195121765
-9.66236019135
-7.84933137894
-7.19826459885
-12.6220197678
-5.13160276413
-5.46777629852
-10.6072340012
-6.40318059921
-3.91488099098
-3.45953536034
-6.32399320602
-6.68466901779
-5.76011037827
-7.57818698883
-8.43533992767
-8.3775510788
-15.8539886475
-10.09126091
-5.30891466141
-7.65498352051
-10.2772006989
-9.76332092285
-5.0199303627
-4.89470338821
-7.22567796707
-4.11138057709
-9.93136882782
-6.79704761505
-6.99470949173
-8.39190006256
-7.54065704346
-5.35957098007
-2.32915329933
-6.53786373138
-7.5073184967
-5.24477624893
-13.6318902969
-7.34825611115
-6.58693742752
-9.12537288666
-5.5817861557
-11.3133010864
-8.61581802368
-7.55228567123
-13.3755121231
-7.4050116539
-7.13093566895
-3.99808335304
-2.56161808968
-6.26272821426
-9.06751060486
-5.2662820816
-7.05674219131
-8.61675548553
-10.7492113113
