-8.30820083618
-6.99861955643
-0.268045246601
-9.65532684326
-4.95013904572
-6.38805580139
-8.17630004883
-9.55893802643
-8.30456352234
-7.04310417175
-2.85004091263
-11.0552501678
-7.15323162079
-13.4965772629
-4.46413612366
-7.33267593384
-4.11735534668
-9.51023292542
-10.6214189529
-5.11579084396
-6.95894432068
-3.05338764191
-4.57762289047
-8.00482368469
-7.74856519699
-5.60492610931
-8.80155754089
-8.59524536133
-8.48620700836
-6.71366357803
-7.04031848907
-7.38271665573
-5.33381700516
-10.5044841766
-11.1459388733
-6.10227823257
-6.68279933929
-9.30520439148
-13.7160301208
-7.34043312073
-8.7347946167
-4.98775434494
-3.68313932419
-6.89446496964
-12.6336050034
-13.9523248672
-5.30029678345
-7.96086025238
-6.10712766647
-7.06051826477
-7.81313371658
-7.00905036926
-9.74504566193
-8.78864097595
-8.90560722351
-10.9827337265
-8.09477138519
-4.92568016052
-14.55265522
-12.6697778702
