-9.26948928833
-5.51099729538
-6.51666927338
-9.8018245697
-7.66434049606
-5.84553432465
-9.88695430756
-8.26771450043
-8.87609481812
-8.28653144836
-6.7011680603
-7.58907175064
-8.97478580475
-5.53391027451
-4.72819137573
-6.0044836998
-8.05038356781
-4.31825637817
-12.4227752686
-9.81828308105
-6.04230976105
-7.49966526031
-10.82817173
-6.60811471939
-7.73031234741
-6.93378829956
-5.5187292099
-6.76259899139
-6.57101821899
-8.61036586761
-7.46817445755
-6.8687505722
-4.37445020676
-10.1001672745
-7.87264490128
-11.1293382645
-7.39769744873
-8.58834838867
-7.7881770134
-10.8822937012
-9.17208194733
-8.1442937851
-3.34990811348
-4.73716211319
-6.68324756622
-6.73317575455
-11.0424175262
-7.26521968842
-7.2545542717
-6.47259140015
-8.92049789429
-5.04412603378
-13.6653556824
-6.60840082169
-8.54984474182
-8.83009147644
-7.79446268082
-10.3172664642
-13.1070718765
-8.69777774811
