-6.55530071259
-16.3900756836
-9.27909469604
-8.99848842621
-5.31596374512
-5.95216846466
-7.94658088684
-7.71068811417
-9.25733280182
-4.59571838379
-4.71609640121
-8.49337768555
-7.01161050797
-5.01776981354
-7.51680994034
-6.79500198364
-7.88465738297
-11.3376197815
-7.70827770233
-10.2474098206
-6.35137748718
-6.91338968277
-9.01376628876
-7.8339509964
-4.27683734894
-12.0783090591
-10.202829361
-5.65470504761
-5.49149370193
-8.31669902802
-5.42103147507
-6.74364089966
-4.41183805466
-6.86153650284
-2.06598448753
-7.0392832756
-7.62718200684
-6.09579753876
-8.96388244629
-7.63904333115
-7.6463394165
-6.3748884201
-10.8128271103
-10.8336076736
-5.17730331421
-7.93586111069
-13.6414966583
-6.82471418381
-5.02589654922
-6.59866094589
-7.20976066589
-7.06166553497
-8.93475818634
-8.24885368347
-7.89339733124
-8.15103340149
-3.50701618195
-3.57163071632
-8.25889873505
-9.47250175476
