-10.2675228119
-10.9177503586
-9.04972076416
-4.21762418747
-3.54971599579
-3.43950557709
-8.13211631775
-10.4363527298
-4.43218803406
-7.46206140518
-4.24398183823
-5.66248130798
-8.55283260345
-5.87284851074
-3.5120306015
-9.29018783569
-8.97642993927
-5.53000879288
-3.00683283806
-4.9827504158
-4.38123178482
-9.68057250977
-4.49563550949
-7.62398290634
-10.456404686
-10.9747915268
-6.40911436081
-13.6869039536
-5.60286235809
-7.98018503189
-7.4357714653
-4.34735059738
-10.8372631073
-8.1801109314
-11.8181762695
-4.5398440361
-6.35318374634
-6.56864404678
-7.57781934738
-7.43980741501
-8.69952201843
-8.52187252045
-5.6513876915
-8.43367958069
-9.66690731049
-5.76216268539
-6.27657270432
-6.48929738998
-9.83762836456
-6.06363677979
-9.11612510681
-4.98626661301
-10.3860092163
-4.67326688766
-7.60512542725
-7.32465267181
-5.19203424454
1.35287749767
-5.44629383087
-9.55758953094
