-10.1879901886
-8.91757678986
-10.2301340103
-3.73263931274
-3.92932200432
-9.8159160614
-9.72491836548
-10.7092103958
-10.2993497849
-12.0770692825
-9.01924037933
-7.02237033844
-6.78419446945
-5.25605535507
-10.7050333023
-8.55480480194
-5.85881900787
-6.27399778366
-10.2838983536
-8.52367687225
-14.6134290695
-8.02848720551
-2.05358791351
-8.75841140747
-7.33452033997
-9.02623653412
-5.35943412781
-13.0614776611
-9.96363735199
-7.07821464539
-12.1099777222
-10.4295625687
-7.39134216309
-4.70084428787
-3.08186984062
-4.90732574463
-12.4413394928
-5.32902240753
-7.07675409317
-5.21756649017
-7.39314842224
-6.98741817474
-14.0175552368
-10.9710140228
-5.83438253403
-6.06557130814
-10.0296726227
-6.17268180847
-4.05898189545
-11.5846166611
-5.36265707016
-10.0315694809
-8.0211019516
-10.8278961182
-5.46634864807
-8.5557384491
-5.13774204254
-11.7145814896
-6.07706785202
-6.26760005951
