-6.89185285568
-7.74146175385
-12.4424610138
-11.2076740265
-8.54904460907
-9.68694019318
-11.2661380768
-5.8631939888
-8.84661579132
-12.0845575333
-12.6585540771
-7.10345983505
-10.2790985107
-9.55557441711
-7.23803710938
-11.9841423035
-4.71552324295
-12.4785490036
-8.31885147095
-12.4296035767
-10.2260541916
-5.84864091873
-7.67348480225
-7.05720806122
-6.38051509857
0.0896549075842
-9.76319026947
-7.10002231598
-5.18410205841
-6.25092363358
-6.48980379105
-4.31699323654
-7.35451078415
-7.16332864761
-10.5052423477
-6.84330892563
-7.96261930466
-11.0098304749
-9.90040874481
-5.66093397141
-11.7252979279
-11.2764110565
-7.56767082214
-6.53260326385
-2.72973036766
-10.7728652954
-7.57856178284
-7.77536725998
-8.07816314697
-6.71570825577
-7.04063272476
-6.7841668129
-9.07252502441
-7.59386968613
-5.47375249863
-8.94274330139
-6.86549949646
-7.04995298386
-10.0172071457
-6.86718130112
