-7.79882335663
-5.9342045784
-9.49508953094
-7.55787467957
-5.07540941238
-4.97718095779
-7.38568067551
-8.35082435608
-7.07884502411
-7.0798034668
-5.31618022919
-9.19087028503
-6.23985862732
-10.914431572
-9.24295139313
-7.87275266647
-7.09703493118
-12.5314846039
-4.46854019165
-7.09718322754
-6.41843938828
-7.06946325302
-5.7724404335
-8.26352500916
-8.50597286224
-6.16969633102
-7.07680606842
-8.80164813995
-9.30760478973
-10.2483043671
-4.3233127594
-6.47610664368
-6.83000898361
-13.9907054901
-9.63537693024
-4.46229076385
-7.70587253571
-7.02199745178
-7.2811460495
-9.76476478577
-9.85060024261
-7.60385084152
-7.94685554504
-9.67227840424
-7.07684707642
-9.47911453247
-8.58019924164
-6.47468709946
-7.82594299316
-8.40262508392
-7.75222063065
-10.1330862045
-8.42374134064
-8.34753799438
-10.8870744705
-9.04871463776
-4.26254606247
-4.17029428482
-8.59676265717
-9.32009410858
