-6.44469261169
-7.63948583603
-10.0744371414
-6.31633853912
-7.54410982132
-8.10451602936
-9.60227870941
-6.15091657639
-4.04977607727
-10.802573204
-10.7468996048
-8.68944549561
-1.69384098053
-8.66800498962
-7.84226131439
-5.04713582993
-8.35038757324
-9.50055408478
-12.8163280487
-7.5788564682
-10.5752325058
-8.84162902832
-9.18073368073
-5.93566989899
-2.9540116787
-10.7585201263
-13.409403801
-6.93234300613
-6.39807653427
-8.77779865265
-6.81615400314
-7.0270524025
-6.24748039246
-3.9400165081
-5.42006874084
-8.93610668182
-6.59484672546
-10.3120765686
-9.06899452209
-7.66972112656
-2.66448640823
-11.5062170029
-11.9312095642
-6.89643239975
-7.73912620544
-3.25938248634
-7.55087518692
-6.03134298325
-8.46185779572
-2.54806303978
-12.0789556503
-11.7819547653
-0.873746454716
-7.33827447891
-6.54323005676
-4.61281347275
-6.75333452225
-11.2824144363
-4.8963470459
-4.93250370026
