-15.6560163498
-2.13640284538
-9.87012672424
-4.09879732132
-3.54079079628
-6.99253225327
-5.75879096985
-6.10573530197
-12.2323455811
-3.5244884491
-5.22312784195
-9.07304763794
-1.44552969933
-10.456319809
-8.67136001587
-5.15569114685
-8.82925415039
-7.62292957306
-4.324447155
-8.44752979279
-7.68064403534
-5.47260427475
-8.88884544373
-11.9447069168
-3.12234568596
-16.5338935852
-13.1030082703
-7.27160644531
-5.37232255936
-5.22980165482
-8.67383956909
-6.4910941124
-6.76908969879
-16.5286865234
-7.28956079483
-8.67239952087
-8.36042404175
-11.0741567612
-7.52004814148
-6.6161904335
-18.5642871857
-15.4915370941
-6.97080087662
-9.22482872009
-10.8426437378
-9.66912651062
-5.43943595886
-4.93316841125
-4.38654756546
-16.5352058411
-7.31300735474
-11.3528556824
-6.57609510422
-14.0707101822
-10.8848295212
-9.49197101593
-7.44180011749
-7.23027849197
-7.86648607254
-8.36133003235
