-3.29206323624
-5.98077440262
-8.21810722351
-3.75923252106
-5.8915104866
-7.35760259628
-7.98820257187
-8.74072933197
-7.89441108704
-7.61784410477
-8.03170681
-8.25510120392
-4.67601537704
-10.3720188141
-6.0239944458
-8.16395759583
-8.59429836273
-3.41104197502
-7.45823764801
-4.06544542313
-7.6361541748
-9.11984920502
-6.97225141525
-6.98893547058
-12.7421169281
-11.5450372696
-5.67431497574
-5.1551361084
-8.36755371094
-8.83584117889
-5.22783613205
-6.44138526917
-10.5203113556
-7.74498796463
-6.05062484741
-8.98986053467
-10.0677604675
-9.6825504303
-0.651544690132
-4.99216747284
-5.95595645905
-8.83236694336
-7.45268344879
-9.48208427429
-9.39535140991
-8.16526985168
-8.01903629303
-12.0574464798
-6.74215602875
-2.48008847237
-6.9592256546
-4.58034706116
-9.92256546021
-4.32024860382
-3.27708053589
-5.2766752243
-7.93640089035
-3.57384157181
-8.67071056366
-6.09508037567
