-5.5452837944
-7.65680217743
-7.80296802521
-8.66073989868
-7.33900356293
-8.63780403137
-10.2118282318
-10.2943687439
-7.02287054062
-5.04319810867
-7.08983039856
-8.72685146332
-8.91717624664
-11.8032464981
-6.38991928101
-9.80874633789
-5.24461317062
-9.16339206696
-8.04082489014
-5.50147294998
-2.56049394608
-8.53018760681
-6.12583732605
-9.37179660797
-8.13915157318
-4.23724031448
-5.77670574188
-13.032752037
-6.90810823441
-6.7425236702
-10.6415672302
-10.2672796249
-7.83462429047
-10.692281723
-8.96739006042
-9.57728767395
-14.2432975769
-7.87527751923
-6.16971683502
-10.4721422195
-9.12424945831
-13.3558969498
-11.7964754105
-11.4139089584
-12.5430698395
-4.56964445114
-4.722032547
-7.27894210815
-9.23952198029
-11.310749054
-5.94127988815
-6.78274106979
-3.69600558281
-11.8133392334
-4.67201805115
-10.6624965668
-7.4949016571
-4.13529968262
-8.21160507202
-13.0810480118
