-8.98676395416
-8.68168258667
-10.3315420151
-7.15270233154
-5.53535938263
-5.94754648209
-5.09692287445
-6.16994714737
-7.23713445663
-6.98252773285
-5.95261621475
-2.93382263184
-12.4197740555
-12.3489942551
-9.57417583466
-7.41115665436
-10.1956329346
-5.90491104126
-11.2862644196
-7.04917192459
-6.77663230896
-10.8460035324
-9.24722862244
-8.14337825775
-7.04239749908
-12.6571187973
-3.96229958534
-4.62869930267
-9.1792345047
-7.99801635742
-8.62791061401
-4.42126083374
-8.17215251923
-2.00314497948
-8.5254907608
-6.3807053566
-10.5685520172
-5.48244810104
-6.51399612427
-9.74396038055
-5.34744548798
-6.75713968277
-10.6807909012
-9.87075233459
-12.4419021606
-4.75629425049
-5.65447664261
-7.74506902695
-10.2356405258
-7.22255277634
-10.1992740631
-10.8823547363
-4.89430999756
-11.394774437
-6.12060785294
-5.50025415421
-6.10473394394
-10.2716941833
-5.41081905365
-9.23799991608
